build/elevation.asc
ncols 457
nrows 454
xllcorner 279.999755859375
yllcorner 42.999826368258944
cellsize 0.002197265625
nodata_value -2147483648
[rows 216 to 242 of 454, columns 60 to 119 of 457]
197.0 197.0 197.0 197.0 197.0 197.0 197.0 197.0 197.0 197.0 197.0 197.0 197.0 197.0 197.0 197.13775609373772 196.5645408731431 195.5645408731431 193.44126573035828 193.06887804686886 191.0 190.06887804686886 188.0 186.0 185.0 183.0 182.0 182.0 182.0 182.0 182.0 182.0 182.0 182.0 182.0 182.0 182.0 182.0 182.0 182.0 182.0 182.0 182.0 182.0 182.0 182.0 182.0 182.0 182.0 182.0 182.0 182.0 182.0 182.0 182.0 182.0 182.0 182.0 182.0 182.0
197.0 197.0 197.0 197.0 197.0 197.0 197.0 197.0 197.0 197.0 197.0 197.0 197.0 197.0 197.0273599675421 195.1007152453459 194.09889989111616 193.07153992357402 192.03486228467216 192.064037606444 191.0273599675421 189.0366776389019 188.0 186.0 185.0 183.0 182.0 182.0 182.0 182.0 182.0 182.0 182.0 182.0 182.0 182.0 182.0 182.0 182.0 182.0 182.0 182.0 182.0 182.0 182.0 182.0 182.0 182.0 182.0 182.0 182.0 182.0 182.0 182.0 182.0 182.0 182.0 182.0 182.0 182.0
197.0 197.0 197.0342789210902 197.0 197.0 197.0 197.0 197.0 197.0 197.0 197.0 197.0 197.0 197.0 195.92606535284725 193.40611371008862 192.96034427393744 192.75716363916578 191.75716363916578 190.68322899201303 189.68322899201303 188.75716363916578 187.75716363916578 186.0 185.0 183.0 182.0 182.0 182.0 182.0 182.0 182.0 182.0 182.0 182.0 182.0 182.0 182.0 182.0 182.0 182.0342789210902 181.37432768076792 181.86000040243636 182.0 182.0 182.0342789210902 182.0 182.0 182.0 182.0 182.0 182.0 182.0 182.0 182.0 182.0 182.0 182.0 182.0 182.0
197.0 197.0 196.26285405968216 197.07363994428388 197.0 197.0 197.0 197.0 197.0 197.0 197.0 197.0 197.0 197.0 196.07363994428388 191.19843793993056 192.336494003966 191.30428594409022 190.30428594409022 189.30428594409022 188.30428594409022 187.23064599980637 186.23064599980637 186.07363994428388 185.07363994428388 183.0 182.0 182.0 182.0 182.0 182.0 182.0 182.0 182.0 182.0 182.0 182.0 182.0 182.0 182.0 181.26285405968213 174.70142001131708 178.38740790027214 182.07363994428388 182.0 181.26285405968213 182.0 182.0 182.0 182.0 182.0 182.0 182.0 182.0 182.0 182.0 182.0 182.0 182.0 182.0
197.0 197.0 196.0 195.97063055895208 196.95476254380034 197.0 197.0 197.0 197.0 197.0 197.0 197.0 197.0 197.0 194.96805510244337 190.95733800030905 190.92539310275242 189.92539310275242 188.92539310275242 187.92539310275242 186.92281764624371 186.95733800030905 185.95733800030905 184.92539310275242 183.92539310275242 182.95476254380034 182.0 182.0 182.0 182.0 182.0 182.0 182.0 182.0 182.0 182.0 182.0 182.0 182.0 182.0 181.04523745619966 170.0696623930765 171.64902386138345 180.75732056049736 182.00515091301742 181.0 182.0 182.0 182.0 182.0 182.0 182.0 182.0 182.0 182.0 182.0 182.0 182.0 182.0 182.0
197.0 197.0 196.0 195.558087205566 195.98846325674018 197.05618989198484 197.0 197.0 197.0 197.0 197.0 197.0 197.0 197.0 195.0 189.5465504623062 189.5465504623062 188.49036057032134 187.49036057032134 186.49036057032134 185.98846325674018 185.5465504623062 184.5465504623062 183.5465504623062 182.49036057032134 181.9322733647553 182.0 182.0 182.0 182.0 182.0 182.0 182.0 182.0 182.0 182.0 182.0 182.0 182.0 182.0 182.0677266352447 176.81000352361295 169.32817496080267 173.12226984114238 181.2847440870866 181.0 182.0 182.0 182.0 182.0 182.0 182.0 182.0 182.0 182.0 182.0 182.0 182.0 182.0 182.0
197.0 197.0 196.0 194.98828921001277 195.1213719646617 196.1213719646617 197.0 197.0 197.0 197.0 197.0 197.0 197.0 197.0 195.05809684240543 188.1677580170799 188.1677580170799 188.0463860524182 187.0463860524182 186.0463860524182 185.17946880706717 184.1677580170799 183.1677580170799 182.10966117467447 181.98828921001277 182.0 182.0 182.0 182.0 182.0 182.0 182.0 182.0 182.0 182.0 182.0 182.0 182.0 182.0 182.0 182.0 181.8856176530054 174.91511463558552 168.1724791894 177.2245006291998 181.0 182.0 182.0 182.0 182.0 182.0 182.0 182.0 182.0 182.0 182.0 182.0 182.0 182.0 182.0
197.0 197.01756126146194 196.0 195.0 195.03512252292387 195.88981196768418 196.546507072819 197.07024504584774 197.0526837843858 197.08780630730968 197.0526837843858 197.01756126146194 197.0 197.01756126146194 194.00457136247485 186.95188757808904 186.95188757808904 186.78901576138742 185.78901576138742 184.78901576138742 183.77145449992548 182.95188757808904 181.9343263166271 182.0 182.0 182.0 182.0 182.0 182.0 182.0 182.0 182.0 182.0 182.0 182.0 182.0 182.0 182.0 182.0 182.03512252292387 182.1053675687716 181.03969388539872 170.59199471126874 168.18043307816356 179.20159241259353 181.0 182.0 182.0 182.0 182.0 182.0 182.0 182.0 182.0 182.0 182.0 182.0 182.0 182.0 182.0
197.0 196.38862577453654 196.07133849734265 195.1426769946853 193.91992854375843 193.25891373596562 192.91368379145564 194.9111955848595 195.66524680500825 194.44249835408135 195.5939083076656 196.74531826124985 197.35669248671329 196.60264126656452 191.76851859017418 186.45996427187922 186.45996427187922 185.41032368954984 184.41032368954984 183.3389851922072 183.02169791501328 182.38862577453654 182.0 182.0 182.0 182.0 182.0 182.0 182.0 182.0 182.0 182.0 182.0 182.0 182.0 182.0 182.0 182.0 182.0 180.70591305173045 178.54577013924728 177.83112412861792 169.41032368954984 168.22425086483796 176.34048760611827 181.0 182.0 182.0 182.0 182.0 182.0 182.0 182.0 182.0 182.0 182.0 182.0 182.0 182.0 182.0
197.0 195.99951403198722 195.01731470206508 193.01977634229416 191.0485105299406 190.06287762376377 188.11284605774273 188.14404188561824 187.19401031959723 185.16333225989965 188.1766956175321 191.17520591332863 192.1459857576694 193.12572344736245 187.07970635781606 185.0316817958883 185.0316817958883 184.0316817958883 183.0316817958883 183.01436709382324 182.01731470206508 181.99951403198722 182.0 182.0 182.0 182.0 182.0 182.0 182.0 182.0 182.0 182.0 182.0 182.0 182.0 182.0 182.0 182.0 182.0 180.96686030007334 173.01932217444647 168.13314016821482 168.0019756722163 170.84359849293998 177.9015528362456 180.98514693816398 182.0 182.0 182.0 182.0 182.0 182.0 182.0 182.0 182.0 182.0 182.0 182.0 182.0 182.0
197.0 196.31222531301046 195.62445062602094 194.6591352382975 190.7840956734014 188.1249604351039 184.77805050981686 183.39184203341202 181.6300841830281 181.77805050981686 182.31785887001763 183.61942508060233 186.18223933248794 186.45978003322188 184.26688159830812 183.65309007471296 183.65309007471296 182.61379152359515 181.9260168366056 181.9260168366056 182.0 182.0 182.0 182.0 182.0 182.0 182.0 182.0 182.0 182.0 182.0 182.0 182.0 182.0 182.0 182.0 182.0 182.0 182.0 182.0739831633944 175.61522274833845 167.39327325815532 169.15258026563 178.83227055270314 181.22411258611515 181.80321949743373 181.41701102102888 181.68993778292153 182.0392985511178 182.0 182.0 182.0 182.0 182.0 182.0 182.0 182.0 182.0 182.0 182.0
197.0 197.02734113820208 197.05468227640412 196.82503729480442 194.6227334514068 189.86994083356427 185.0 182.97265886179792 182.0 182.0 181.97265886179792 181.91797658539383 182.09293929058938 182.34992541039114 182.17496270519558 182.20230384339763 182.20230384339763 181.97265886179792 182.0 182.0 182.0 182.0 182.0 182.0 182.0 182.0 182.0 182.0 182.0 182.0 182.0 182.0 182.0 182.0 182.0 182.0 182.0 182.0 182.0 182.0 180.06385767304346 171.77487896519585 167.31480060927558 171.98164920672136 174.0265527454812 173.22885658887884 172.20151545067677 173.99921160727916 181.22964498159968 182.0 182.0 182.0 181.9277553230381 181.9277553230381 181.8555106460762 181.9277553230381 182.0 182.0 182.0 182.0
197.00968110946212 197.00968110946212 196.93778594842865 196.94262650315972 194.87073134212625 188.8290025208358 185.0 183.0 182.0 182.0 182.0 182.0 182.0 182.0 182.0 182.0 182.0 182.0 182.0 182.0 182.0 182.0 182.0 182.0 182.0 182.0 182.0 182.0 182.0 182.0 182.0 182.0 182.0 182.0 182.0 182.0 182.0 182.0 182.0 182.0 182.04172882129046 178.4768625316619 169.6005322740759 168.35688127314955 169.4637833286571 168.38704761289256 166.9321870329689 168.87965409085967 180.93778594842865 182.00484055473106 182.00484055473106 182.00484055473106 182.97951476971912 182.97951476971912 184.02124359100958 182.98435532445018 181.94262650315972 182.01452166419318 181.94262650315972 181.94746705789078
196.1644751247647 196.1644751247647 195.57783905659304 195.0998534517597 192.51321738358803 186.3927710491566 185.0 183.0 182.0 182.0 182.0 182.0 182.0 182.0 182.0 182.0 182.0 182.0 182.06022316721572 182.1204463344314 182.18066950164712 182.1204463344314 182.1204463344314 182.18066950164712 182.06022316721572 182.0 182.0 182.0 182.0 182.06022316721572 182.0 182.0 182.0 182.0 182.0 182.0 182.0 182.0 182.0 182.0 182.0 182.25848669202009 179.42891580337354 178.3202653400352 180.0155518715452 179.20801724428537 169.0808160498874 168.40156806073526 179.39716955494595 181.52201439516665 181.52201439516665 181.52201439516665 181.45739272216161 181.39716955494595 182.57783905659304 181.0998534517597 180.039630284544 180.6864895199314 180.0998534517597 179.56164467971064
193.27844960279617 193.27844960279617 193.28679204033426 192.22687141229736 190.18363565933666 185.94007937196312 185.0 183.0 182.0 182.0 182.0 182.0 182.0 182.0 182.0 182.0 182.0 182.0 181.0959890484374 180.29513447787235 179.49427990730732 180.60460362086508 180.6561818113639 179.75217085980125 181.50861457242772 182.1547345714964 182.0515781904988 182.0515781904988 182.1031563809976 181.25072361993375 182.0515781904988 182.0 182.0 182.0 182.0 182.0 181.9484218095012 182.0 182.0 182.0 182.0 182.0 181.03336975015233 181.10163281572727 181.334496455607 176.83112657287003 168.95793935201715 169.38705394159683 179.84409032352573 180.9916575624619 180.9916575624619 180.9916575624619 180.9916575624619 181.94724670452334 180.28679204033426 178.22687141229736 178.18246055435878 177.2185289747593 177.27844960279617 177.12253992632193
190.6699140510838 190.69166640028175 190.69166640028175 190.7608838575252 189.83010131476865 187.06921745724344 185.0 183.0 182.0 182.0 182.0 182.0 182.0 182.0 182.0 182.0 182.0 182.0 180.97824765080205 177.9879590723486 175.01942284309308 171.5073972812941 169.75858508312518 168.80208978152106 171.29635413547655 177.13274536599965 179.31468497888247 179.74149174613697 178.84217297412488 177.1127528873442 180.5909851722938 182.0 182.0 182.0 182.0 182.0 183.28262084087072 182.0 182.0 182.02175234919795 182.0435046983959 182.06525704759383 180.768964375527 178.4845836641138 173.32602730397372 170.22078529906892 173.50570491433967 179.1286927612355 181.06921745724344 180.97824765080205 180.97824765080205 181.0 180.83010131476865 180.5909851722938 177.71341874947967 176.7826362067231 175.71341874947967 175.5692328230959 174.69166640028175 175.5909851722938
190.02773335365526 189.38259305207612 189.38259305207612 189.38259305207612 188.3096724731037 187.0 185.0 183.0 182.0 182.0 182.0 182.0 182.0 182.0 182.0 182.0 182.0 182.0 181.64514030157915 180.98060813005463 179.59801507797852 176.91602903479205 169.08179834823437 166.79151774507608 166.728876648097 167.65789406740805 168.36761346424976 169.1677073117258 169.93095541759453 171.45745162933204 177.9110272620971 182.29168231588972 182.21876173691732 182.07292057897243 182.0 182.0 183.47296750271045 182.07292057897243 182.14584115794486 182.1569860671176 181.87644866040063 180.93962604293176 174.75824633317382 168.62041751731147 171.58997526113058 177.97867013177114 180.60659118037844 181.13556167595152 181.0 181.64514030157915 181.71806088055158 181.14584115794486 179.45551363104855 177.76518610415224 175.8103733294694 174.8103733294694 173.8103733294694 173.41032640573138 173.45551363104855 172.76518610415224
189.0043618097657 188.00435237938655 188.00435237938655 188.00435237938655 188.0021478573318 187.00215728771096 185.0 183.0 182.0 182.0 182.0 182.0 182.0 182.0 182.0 182.0 182.0 182.0 182.00000943037915 182.00002829113745 181.99783319946187 179.0000565822749 170.9956570509926 167.9956381902343 166.99784271228904 166.99997170886255 166.99995284810424 166.99993398734594 167.00214793977983 167.0065758446476 173.0217429537264 178.02607638990662 179.01524271700805 181.00651909747666 182.0 182.0 182.0065096670975 181.01299096060953 180.02813920893004 170.0544423401764 164.05898365693807 167.03721241207424 167.00232744677578 173.97594870760017 178.98470996620014 180.99785206022017 181.0000188607583 181.0 180.99784271228904 182.0021667180901 181.0065285278558 179.01088090724235 177.0108714768632 175.0087047587731 173.0087047587731 172.0087047587731 171.00654747106213 171.00871418915224 171.00871418915224 170.0087047587731
187.6261618337885 186.6261618337885 186.6261618337885 186.6261618337885 186.6261618337885 185.5824072182264 184.69944881407395 183.0 181.95624538443786 181.95624538443786 181.95624538443786 182.0 182.0 182.0 182.0 182.0 182.0 182.0 182.0 182.0 182.0 178.95624538443786 172.67438935213755 169.67438935213755 168.7618985832618 167.30055118592605 167.0 167.0 167.0 167.0 165.13930029677252 166.1894192206453 172.94729957886403 177.39442472536095 180.97281371854424 180.75977176374244 178.61319780317154 171.93944163633586 163.8491316442002 153.42174060780263 152.40115404865315 163.34936298300488 173.57202468487264 180.05504650440358 181.10281934500875 180.95624538443786 181.0 181.13126384668635 181.17163342250726 180.0250594619364 177.95177248165095 175.56709710434185 173.52334248877975 172.5966294690652 170.55287485350306 169.5966294690652 169.2818560323003 168.16481443645276 168.16481443645276 167.50912023794095
186.24802140959582 185.24802140959582 185.24802140959582 185.24802140959582 185.24802140959582 185.04699571803945 183.17789685308162 183.0701245565142 182.79897430844363 182.79897430844363 182.79897430844363 182.0 182.0 182.0 182.0 182.0 182.0 182.0 182.0 182.0 182.0 179.72884975192943 175.50395718080836 172.50395718080836 169.90600856392112 168.82210314691838 166.9298754434858 167.0 167.0 167.1402491130284 163.9168326240872 155.9140891860627 163.8294032621597 169.93200463513492 172.14681118717982 168.51638575383157 166.65663486685997 155.66258629735248 152.74140572238366 154.261887201705 162.99348039165895 174.17994471582654 180.55882479465416 181.04625767694952 181.93922342147204 182.00934797798624 181.2804982260568 178.8835753007259 176.74406422878747 175.74406422878747 173.74406422878747 172.7201973492228 171.5191716576664 170.5191716576664 169.31814596611002 167.378922544638 167.15476801460687 166.95374232305048 166.95374232305048 166.97687116152525
184.8699311011369 183.9581419332216 183.9581419332216 183.9581419332216 183.8625723894232 183.8625723894232 183.0 181.9507832215079 182.91178916791532 183.00735871171372 183.00735871171372 182.0 182.0 182.0 182.0 182.0 182.0 182.0 182.0 182.0 182.0 181.1374276105768 178.27485522115364 175.17928567735524 172.17928567735524 169.080852120371 168.0418580667784 167.0 167.0 164.79127947578993 160.36714323381787 152.7839207640762 153.38569183761143 155.1814660119293 160.02042528934908 159.37393213584969 155.34899198752274 155.47555351548817 162.59189231855416 169.54620307140962 178.85523383815942 181.26080131588796 181.02943484685485 180.94122401477014 179.6590100819028 178.6097933034107 176.5605765249186 173.6487873570033 172.69800413549538 171.6906454237817 169.6906454237817 169.7398622022738 168.72514477884636 167.81335561093107 166.90156644301578 167.00735871171372 167.0147174234274 167.0147174234274 167.0147174234274 166.93386530305645
183.49189090274376 183.55336109283897 183.55336109283897 183.55336109283897 183.00202674108044 183.00202674108044 183.06349693117565 182.0 181.9385298099048 182.48986416166332 182.48986416166332 182.0 182.0 182.0 182.0 182.0 182.0 182.0 182.0 182.0 182.0 182.0614701900952 180.1229403801904 176.50810909725624 173.50810909725624 170.50810909725624 168.51013583833668 166.93650306882435 167.0 165.4689373249148 158.49947635484145 153.47109771384638 154.49339613160015 157.1305258322881 154.69683617953595 154.0967178622579 152.36895052255335 161.89909500773012 178.91923730242135 181.01392842359877 181.5018952261638 180.29721297920486 179.21344437135588 178.08847725008502 175.4756727082313 174.53916963940694 172.4756727082313 170.47364596715084 169.47364596715084 168.98378180548752 166.98378180548752 166.98378180548752 167.00405348216086 167.1290206034317 167.19049079352692 166.74385188636592 166.17021911685356 166.17021911685356 166.2337160480292 164.5986130884217
182.06918495856004 182.06918495856004 182.06918495856004 182.06918495856004 182.07493281562913 182.07493281562913 182.07493281562913 182.0 182.0 181.99425214293092 181.99425214293092 182.0 182.0 182.0 182.0 182.0 182.0 182.0 182.0 182.0 182.0 182.0 179.95528414981163 177.93081504143996 174.88609919125156 171.88609919125156 168.9610320068807 167.92506718437087 167.0 167.0172435712072 165.64532417952114 163.2446655024897 164.37580988244537 165.5761392209611 162.30235474691165 154.5198798462159 151.24804835931357 154.13304955668409 173.25422371301568 176.69917074360245 176.64295917927592 174.54203176476102 173.45560323499376 173.38067041936463 171.34170242624532 169.37191939168608 168.25227072586856 167.2220537604278 166.2667696106162 166.27251746768528 164.27251746768528 164.31723331787364 165.2840131818234 164.3589459974525 164.3589459974525 162.3834151058242 162.302734433126 162.34745028331437 161.4223830989435 160.34170242624532
182.0 182.0 182.0 182.0 182.0 182.0 182.0 182.0 182.0 182.0 182.0 182.0 182.0 182.0 182.0 182.0 182.0 182.0 182.0 182.0 182.0 182.0 181.04585249388006 178.4107190085957 176.21273043314966 173.40526274910474 170.59779506505984 168.50063381780876 167.44932506443774 167.64185738039285 169.51639432950236 169.4668757546784 168.81777193624754 168.09170498776012 167.3116818589478 161.78172758350965 145.9438432539173 141.00146551518608 154.12387075191194 165.8553082360406 168.1333177557078 169.1620299465579 168.30325350914197 168.35456226251299 167.6442558257192 166.90829501223988 166.97980188280545 164.52323038032966 162.01535012448286 161.98969574779736 160.20788244043797 159.1107211931869 161.18222806375246 160.6442558257192 160.40041475639308 159.49757600364416 159.25373493431803 158.42606913307858 157.15657368706695 156.40041475639308
182.0 182.0 182.0 182.0 182.0 182.0 182.0 182.0 182.0 182.0 182.0 182.0 182.0 182.0 182.0 182.0 182.0 182.0 182.0 182.0 182.0 182.0 181.67455236033715 180.68308148637172 178.91725814016013 177.6329628981374 176.34866765611474 174.87566867796036 175.29854906788043 177.0880294951035 179.33538094550403 177.47212484903523 172.32501057510328 169.27532905142857 166.25167197041708 153.41919790118766 139.54697561412473 135.63587923834737 138.62822424143192 143.85235567538058 154.24013351804467 164.9898657274342 166.83334819834857 165.63179481616575 165.7467228830517 166.24110063329172 166.16732496404597 160.58836410959984 156.43228364507377 157.1068360054109 156.07421273380533 155.82254076338822 157.74876509414247 158.15651752908565 157.78991749178263 156.04158946219974 155.67498942489672 155.04158946219974 154.34954178523387 153.64236615329114
182.0 182.0 182.0 182.0 182.0 182.0 182.0 182.0 182.0 182.0 182.0 182.0 182.0 182.0 182.0 182.0 182.0 182.0 182.0 182.0 182.0 182.0 182.0 182.00949750516992 182.0189950103398 181.02945795056522 180.0292664087294 181.04845296090502 181.0389554557351 182.0189950103398 181.01046294022535 181.0083405282786 175.0292664087294 171.01996044539527 167.01976890355945 157.1414624460421 147.23196643556076 142.21239679971345 138.1017485488399 135.98101271553642 140.87267069256927 151.7920472918922 157.81084303451993 153.81239082095917 152.7920472918922 156.8525032535856 157.86219230059135 153.8606445141521 150.85987062093247 151.84979076437878 151.85909672771288 150.87033356115785 153.91141142883976 153.9418425403367 153.95173085505454 152.97130821677814 152.9711166749423 151.9819626988394 151.9716913004498 151.97091740723022
182.0 182.0 182.0 182.0 182.0 182.0 182.0 182.0 182.0 182.0 182.0 182.0 182.0 182.0 182.0 182.0 182.0 182.0 182.0 182.0 182.0 182.0 182.0 182.0 182.0 182.07214409042297 181.4451674297731 182.07214409042297 182.07214409042297 182.0 182.07214409042297 180.30087924892715 176.4451674297731 172.02453529730766 168.39755863665778 166.97471136004154 164.9472780530952 160.97113048491494 150.99865986238547 138.3183464766744 136.37816208650085 138.94520147343889 142.38096402561538 141.22369009204627 139.9928102665542 146.37582527846465 147.19323711157583 140.2552934589143 135.47686447733395 134.5634561219801 135.1269146337915 136.78705253333354 142.8208966377136 148.04527198507913 150.14126850732183 150.95945927644507 151.23726502956453 150.56336244128727 149.07058621839883 147.5302012023951
