build/elevation.asc
ncols 457
nrows 454
xllcorner 279.999755859375
yllcorner 42.999826368258944
cellsize 0.002197265625
nodata_value -2147483648
[rows 405 to 431 of 454, columns 60 to 119 of 457]
197.0 197.0 197.0 197.0 197.0 197.0 197.0 197.0 197.0 197.0 197.0 197.0 197.0 197.0 197.0 197.0 197.0 196.92615754384425 197.0 197.0 197.0 197.0 197.0 197.0 197.0 197.0 197.0 197.0 197.0 197.0 197.0 197.0 197.0 199.03349231349853 199.68796398775157 199.6141215315958 200.41627811816036 200.34243566200462 201.64761384509433 201.64761384509433 201.95964985734278 203.68796398775157 203.68796398775157 203.68796398775157 203.76180644390732 202.65447167425305 202.68796398775157 201.65447167425305 200.95964985734278 200.65447167425305 199.65447167425305 198.92615754384425 198.19784341343546 198.27168586959118 198.27168586959118 198.34552832574695 198.31203601224843 198.31203601224843 199.35238615490567 199.58372188183964
197.0 197.0 197.0 197.0 197.0 197.0 197.0 197.0 197.0 197.0 197.0 197.0 197.0 197.0 197.0 197.0 197.0 197.0 197.0 197.0 197.0 197.0 197.0 197.0 197.0 197.0 197.0 197.0 196.92604044787103 196.92604044787103 197.0 197.0 197.0 198.35284664410918 198.31831154379688 198.31831154379688 198.2837764434846 198.2837764434846 199.59719863577706 199.59719863577706 201.35284664410915 202.31831154379688 202.31831154379688 202.24435199166788 202.31831154379688 202.03942445181667 201.24435199166788 201.03942445181667 200.35284664410918 200.03942445181667 198.96546489968773 199.0 199.03453510031227 199.03453510031227 199.03453510031227 199.03453510031227 199.82960756046108 199.82960756046108 201.5507204684809 201.79018310864438
197.0 197.0 197.0 197.03070514666348 197.03070514666348 197.0 197.0 197.0 197.0 197.0 197.0 197.0 197.0 197.0 197.0 197.0 197.0 197.0 197.0 197.0 197.0 197.0 197.0 197.0 197.0 197.0 197.00124795120064 196.97054280453716 197.994873254678 197.994873254678 197.0 197.0 197.0 196.97566954985916 196.97691750105977 196.97691750105977 196.97691750105977 196.97691750105977 197.97691750105977 197.94746030559693 199.94870825679754 200.94870825679754 200.94870825679754 201.97179075573777 200.94870825679754 200.94870825679754 200.97179075573777 199.94870825679754 198.97816545226038 198.97816545226038 199.00124795120064 199.00124795120064 199.00124795120064 198.97054280453716 198.97054280453716 198.97054280453716 198.94746030559693 198.94746030559693 200.9192510613347 201.94358151147554
197.0 197.0 197.0 197.6690266775555 197.6690266775555 197.0 197.0 197.0 197.0 197.0 197.0 197.0 197.0 197.0 197.0 197.0 197.0 197.0 197.0 197.0 197.0 197.0 197.0 197.0 197.0 197.0 196.59844672125357 195.9294200436981 196.52786676495163 196.52786676495163 197.05128735624675 197.0 197.0 197.45284063499315 197.0 197.0 197.0 197.0 198.05128735624675 196.9294200436981 198.52786676495163 199.52786676495163 199.52786676495163 200.57915412119837 199.57915412119837 199.57915412119837 199.57915412119837 198.57915412119837 198.64973407750028 198.64973407750028 198.64973407750028 198.64973407750028 198.64973407750028 197.9807073999448 197.9807073999448 197.9807073999448 197.9807073999448 197.9807073999448 198.50857416489646 199.10702088615
197.0 197.0 197.0 196.9826309496414 196.9826309496414 197.0 197.0 197.0 197.0 197.0 197.0 197.0 197.0 197.0 197.0 197.0 197.0 197.0 197.0 197.0 197.0 197.0 197.0 197.0 197.0 197.0 195.9826309496414 196.0 195.9826309496414 195.9826309496414 196.16153904561506 197.0 197.0 197.17890809597367 197.0 197.0 197.0 197.0654791362132 197.16153904561506 197.0 198.0481100858546 199.0481100858546 199.0481100858546 199.20964913146963 198.20964913146963 198.20964913146963 198.20964913146963 197.14416999525645 197.14416999525645 197.14416999525645 197.14416999525645 197.14416999525645 197.14416999525645 197.16153904561506 197.16153904561506 197.16153904561506 197.16153904561506 197.16153904561506 197.14416999525645 197.1268009448978
197.0 197.0 197.0 197.0 197.0 197.0 197.0 197.0 197.0 197.0 197.0 197.0 197.0 197.0 197.0 197.0 197.0 197.0 197.0 197.0 197.0 197.0 197.0 197.0 197.0 197.0 196.0 196.0 196.0 196.0 196.0 197.0 197.0 196.8858705342539 196.8858705342539 197.02145701323377 196.8965990408708 195.9435942411999 197.0 197.0 196.9435942411999 197.8294647754538 197.8294647754538 197.95432274781678 196.9435942411999 196.9435942411999 196.9435942411999 197.0 197.0 197.0 197.0 197.0 197.0 197.0 197.0 197.0 197.0 197.0 197.0 197.0
197.0 197.0 197.0 197.0 197.0 197.0 197.0 197.0 197.0 197.0 197.0 197.0 197.0 197.0 197.0 197.0 197.0 197.0 197.0 197.0 197.0 197.0 197.0 197.0 197.0 197.0 196.0 196.0 196.0 196.0 196.0 197.0 197.0 196.0072784266743 196.0072784266743 195.99294213872815 195.47078656744998 196.0659258571768 197.13185171435362 197.13185171435362 197.0 196.9413525694975 196.9413525694975 197.46350814077567 197.0 197.0 197.0 197.0 197.0 197.0 197.0 197.0 197.0 197.0 197.0 197.0 197.0 197.0 197.0 197.0
197.0 197.0 197.0 197.0 197.0 197.0 197.0 197.0 197.0 197.0 197.0 197.0 197.0 197.0 197.0 197.0 197.0 197.0 197.0 197.0 197.0 197.0 197.0 197.0 197.0 197.0409483951233 196.0 195.9590516048767 196.0 196.0 196.0 197.0409483951233 197.0409483951233 195.10605115879576 195.10605115879576 194.09680680536707 194.10142898208142 195.1469995539191 195.17115392246825 195.13020552734494 197.0409483951233 197.0 197.0 196.99537782328565 197.0 197.0 197.0 197.0 196.9590516048767 197.0 197.0409483951233 197.0 197.0 197.0 197.0 197.0 197.0 197.0 197.0 197.0
196.9737317296592 197.0 197.0 197.0 197.0 197.0 197.0 197.0 197.0 197.0 197.0 197.0 197.0 197.24862425860746 197.0 197.0 197.0 197.0 197.0 197.0 197.0 197.0 197.0 197.0 197.0 195.92820823833932 196.0 197.07179176166068 196.22235598826666 196.22235598826666 196.22235598826666 195.92820823833932 195.75838879075422 193.73212052041345 193.73212052041345 192.70585225007264 192.73212052041345 192.66032875875277 193.5097645321468 194.83018055241496 195.75838879075422 196.80391228207415 197.0 197.0 197.0 197.0 197.0 197.0 197.84943577339405 196.80391228207415 195.73212052041345 196.5815562938075 196.83018055241496 197.05253654068161 197.05253654068161 197.0262682703408 197.0262682703408 197.0 197.0 197.0
197.66884435121113 197.0 197.0 197.0 197.0 197.0 197.0 197.0 197.0 197.0 197.0 197.0 197.0 197.37310112052285 197.0 197.0 197.0 197.0 197.0 197.0 197.0 197.0 197.0 197.0 197.0 196.07365099986868 196.07365099986868 197.07365099986868 197.04194547173392 197.04194547173392 197.04194547173392 196.0 193.62036582584383 192.28921017705494 192.36286117692362 192.03170552813472 191.36286117692362 191.36286117692362 191.3209157051897 192.6940168257125 193.6940168257125 195.4365121767923 197.14730199973735 197.07365099986868 197.0 197.0 197.0 197.0 196.95805452826608 195.36286117692362 194.36286117692362 194.3209157051897 194.76766782558116 195.8096132973151 195.8096132973151 196.40480664865754 196.33115564878887 197.0 197.0 197.0
198.0 197.0 197.0 197.0 197.0 197.0 197.0 197.0 196.9999799727238 196.9999799727238 197.0 197.0 197.0 197.0 197.0 197.0 197.0 197.0 197.0 197.0 197.0 197.0 197.0 197.0 196.99676526323663 194.99686565555115 194.99363091878777 195.993650946064 196.99678529051286 196.99678529051286 196.99678529051286 195.99678529051286 192.99678529051286 191.99678529051286 190.99363091878777 190.993650946064 189.993650946064 189.9969057101036 189.99688568282735 190.99367097334022 191.99043623657684 192.98732191940425 194.98732191940425 195.99045626385308 196.99359060830193 196.99682534506528 196.99678529051286 197.0 196.99676526323663 193.993650946064 192.993650946064 192.993650946064 191.99375133837853 192.99051660161518 192.99051660161518 194.99367097334022 196.00004005455244 197.00004005455244 197.00004005455244 196.99680531778907
198.0 197.0 197.0 197.0 197.0 197.0 197.0 197.0 197.39034602722117 197.39034602722117 197.0 197.0 197.0 197.0 197.0 197.0 197.0 197.0 197.0 197.0 197.0 197.0 197.0 197.0 195.9267778551233 195.04402899719594 193.97080685231924 194.62448982229398 195.62448982229398 195.62448982229398 195.62448982229398 194.62448982229398 191.58046082509807 190.62448982229398 189.97080685231924 189.62448982229398 188.62448982229398 189.39542393434135 189.74174096436658 189.32220178946466 189.24897964458796 189.9026626145627 191.94669161175864 192.94669161175864 193.94669161175864 194.9318557622435 195.66851881948992 197.08805799439182 195.9267778551233 192.58046082509807 191.62448982229398 191.62448982229398 191.69771196717068 191.62448982229398 191.62448982229398 193.27817279226872 195.35139493714541 196.39542393434135 196.39542393434135 195.27817279226872
198.07079867106486 197.0 197.0 197.0 197.0 197.0 197.0 197.0 197.2331417662082 197.2331417662082 197.0 197.0 197.0 197.0 197.0 197.0 197.0 197.0 197.0 197.0 197.0 197.0 197.0 197.0 196.0 194.2088604476172 193.27965911868208 193.25537780009108 194.25537780009108 194.18457912902622 194.25537780009108 193.25537780009108 191.04651735247387 189.25537780009108 189.27965911868208 188.25537780009108 187.25537780009108 186.36915825805244 187.53503691877316 186.43995692911727 186.43995692911727 186.4156756105263 187.6953347292084 188.6953347292084 189.6953347292084 192.27761383397396 193.4642382477083 195.4885195662993 196.07079867106486 192.04651735247387 190.18457912902622 190.25537780009108 190.25537780009108 190.25537780009108 190.25537780009108 191.2310964815001 193.30189515256495 193.43995692911727 193.51075560018216 193.30189515256495
196.95534709406098 197.0 197.0 197.0 197.0 197.0 197.0 197.0 197.0 196.99427249683865 196.9885449936773 196.98281749051594 196.99427249683865 196.99427249683865 197.0 197.0 197.0 197.0 197.0 197.0 197.0 197.0 197.0 197.0 196.0 194.0 191.95534709406098 191.96107459722234 192.88631487390376 193.93096777984277 192.88631487390376 191.8805873707424 189.95534709406098 187.95534709406098 187.88631487390376 186.88631487390376 185.8805873707424 185.93096777984277 184.84166196796474 184.81155515058518 184.81155515058518 184.81155515058518 184.76690224464616 185.7726297478075 186.76690224464616 189.7726297478075 191.89204237706514 193.89204237706514 194.81155515058518 190.88631487390376 189.93096777984277 188.88631487390376 188.88631487390376 188.88631487390376 188.88631487390376 189.81155515058518 190.84738947112612 191.81728265374653 190.84738947112612 190.84738947112612
197.0 197.0 197.0 197.0 197.0 196.93973487193236 197.0 197.0 197.0 197.41811375281964 197.8362275056393 198.25434125845896 197.23731836861674 197.41811375281964 196.93973487193236 197.0 197.0 197.0 197.0 197.0 197.0 197.0 197.0 197.0 196.0 194.0 192.0 191.5216211191127 191.51730103820955 192.51730103820955 191.51730103820955 190.99567991909686 190.06026512806764 188.0 186.4570359101419 185.4570359101419 184.99567991909686 184.51730103820955 183.51730103820955 182.39245070117113 182.39245070117113 182.39245070117113 182.39245070117113 182.91407182028382 184.39245070117113 186.9743369483515 190.03892215732225 192.03892215732225 192.45271582923877 189.51730103820955 188.51730103820955 187.51730103820955 187.51730103820955 187.51730103820955 187.51730103820955 187.45271582923877 189.0991872853899 188.9743369483515 189.0991872853899 189.0991872853899
197.0 197.0 197.0 197.0 197.0 197.94988677510128 197.0 197.0 196.9462035402574 198.79786725277862 200.64953096529987 202.50119467782116 201.4323417391119 198.79786725277862 197.84229385561602 196.9462035402574 197.0 197.0 197.0 197.0 197.0 197.0 197.0 197.0 196.0 194.0 192.0 190.99063014309473 190.14833628747874 191.14833628747874 190.09453982773613 190.15770614438398 189.15770614438398 188.0537964597426 185.99063014309473 184.99063014309473 184.15770614438398 183.14833628747874 182.09453982773613 181.99063014309473 181.99063014309473 181.99063014309473 181.99063014309473 181.9812602861895 184.04442660283735 185.08516997083086 188.13896643057348 190.19276289031612 191.20213274722138 188.09453982773613 187.14833628747874 186.09453982773613 186.09453982773613 186.09453982773613 186.09453982773613 186.09453982773613 186.18907965547223 187.19276289031612 186.18907965547223 186.18907965547223
197.0 197.0 197.0 197.0 197.0 196.9329993985154 197.0 197.0 198.20161792568976 201.46012022582002 204.69966106780345 207.76666166928806 205.69966106780345 201.46012022582002 199.2205793838366 198.2395408419834 196.98103854185317 197.0 196.98103854185317 197.0 197.19150169864562 197.0 197.0 197.0 196.0 194.0 192.0 191.0 188.9329993985154 189.7794206161634 189.84642121764801 188.7794206161634 187.7794206161634 186.7604591580166 185.8274597595012 184.84642121764801 182.9329993985154 181.9329993985154 182.0 182.0 182.0 182.0 182.0 182.0 182.95196085666223 185.01896145814683 186.7794206161634 187.88496025517762 188.7124200146788 187.84642121764801 185.95196085666223 185.84642121764801 185.84642121764801 185.84642121764801 185.84642121764801 185.84642121764801 185.84642121764801 184.88496025517762 185.84642121764801 185.84642121764801
197.0 197.0 197.0 197.0 197.0 197.0 197.0 197.0 200.2718606295195 203.71044568947391 207.83144539769256 210.83144539769256 208.9027681894351 203.71044568947391 200.6607687729978 199.0496769164761 197.6110918565217 197.0 197.68241464826423 197.0 197.4385850599544 197.0 197.0 197.0 196.0 194.0 192.0 191.0 189.0 188.3392312270022 188.41055401874473 187.41055401874473 186.3392312270022 186.02164587526644 185.02164587526644 183.3392312270022 183.07132279174255 182.0 182.0 182.0 182.0 182.0 182.0 182.0 182.3889081434783 184.3889081434783 185.41055401874473 187.46023093522084 187.41055401874473 186.41055401874473 185.46023093522084 184.41055401874473 184.41055401874473 184.41055401874473 184.41055401874473 184.41055401874473 184.41055401874473 184.46023093522084 184.41055401874473 184.41055401874473
197.0 197.0 197.0 197.0 197.0 197.0 197.0 197.0 201.02083189372573 204.01999727755722 207.04340572202273 210.06256838341145 207.06681416648826 204.01999727755722 201.0008346161685 199.0 198.0008346161685 197.0 197.02424306063403 197.0 196.9991653838315 197.0 197.0 197.0 196.0 194.0 192.0 191.0 189.0 187.9991653838315 187.00341116690834 186.00341116690834 185.9991653838315 185.02340844446553 184.02340844446553 182.9991653838315 182.02340844446553 182.0 182.0 182.0 182.0 182.0 182.0 182.0 181.9991653838315 184.01832804522022 184.04173648968572 186.04173648968572 186.04173648968572 185.04173648968572 184.04173648968572 183.02257382829703 183.04173648968572 183.04173648968572 183.04173648968572 183.04173648968572 183.04173648968572 183.04173648968572 183.04173648968572 183.04173648968572
197.0 197.0 197.0 197.0 197.0 197.0 197.0 197.0 199.9259459045789 202.672968023453 205.70895495946328 207.30994911089573 205.70895495946328 202.63698108744273 201.03598693601026 199.0 198.0 197.0 197.0 197.0 197.0 197.0 197.0 197.0 196.0 194.0 191.9640130639897 190.9640130639897 189.2529778811259 188.2529778811259 188.03806715941084 187.36301891255727 186.0 185.0 184.0 183.0 182.0 182.0 182.0 182.0 182.0 182.0 182.0 182.0 182.0 182.63698108744273 182.96193284058916 184.63698108744273 184.672968023453 183.63698108744273 182.63698108744273 182.71103518286384 181.9259459045789 181.9259459045789 181.9259459045789 181.9259459045789 181.9259459045789 181.9259459045789 181.9259459045789 181.9259459045789
197.0 197.0 197.0 197.0 197.0 197.0 197.0 197.0 200.07363881195468 201.23060980256943 203.567060302681 205.34568554089134 203.567060302681 202.04143692636723 200.33645050011157 199.07363881195468 198.07363881195468 197.0 197.0 197.0 197.0 197.0 197.0 197.0 196.0 193.92636118804532 192.66354949988843 191.58991068793375 190.6221125735212 189.54847376156653 188.58991068793375 187.95856307363277 185.92636118804532 185.0 184.0 183.0 182.0 182.0 182.0 182.0 182.0 182.0 182.0 182.0 182.0 181.96779811441255 182.2628116881569 184.04143692636723 183.3042486145241 183.04143692636723 181.96779811441255 181.96779811441255 182.0 182.0 182.0 182.0 182.0 182.0 182.0 182.0
197.0 197.0 197.0 197.0 197.0 197.0 197.0 197.0 198.9718056093074 200.92366249579146 201.89740950526144 202.86921511456887 201.93751965752827 200.93751965752827 198.9355782573657 197.93363685720317 196.9718056093074 197.0 197.0 197.0 197.0 197.0 197.0 197.0 196.03816875210427 195.10453189490113 194.10259049473856 194.13078488543113 193.1288434852686 193.15703787596118 191.16895363753542 189.0644217426343 187.06636314279683 185.03622735194173 184.0 183.0 182.0 182.0 182.0 182.0 182.0 182.0 182.0 182.0 182.0 182.0 182.0 182.93363685720317 181.9718056093074 181.9718056093074 182.0 182.0 182.0 182.0 182.0 182.0 182.0 182.0 182.0 182.0
197.0 197.0 197.0 197.0 197.0 197.0 197.0 197.0 199.0531596653103 198.91396222860803 199.49735822809328 200.55051789340357 200.20351261123994 199.15035294592965 197.51379728113412 196.93040128164887 197.0 197.0 197.0 197.0 197.0 197.0 197.0 197.0531596653103 197.12275838366142 197.19235710201255 196.6089611025273 196.555801437217 195.97240543773177 195.97240543773177 194.67855982087843 190.48620271886588 188.06959871835113 186.48620271886588 183.9468403346897 183.0 182.0 182.0 182.0 182.0 182.0 182.0 182.0 182.0 182.0 182.0 182.0 181.93040128164887 182.0 182.0 182.0 182.0 182.0 182.0 182.0 182.0 182.0 182.0 182.0 182.0
197.0 197.0 197.0 197.0 197.0 197.0 197.0 197.0 198.21415905487677 198.21415905487677 198.1983846762414 198.34880401151656 197.26928991327955 197.11887057800442 196.98422562136463 197.0 197.0 197.0 197.0 197.0 197.0 197.0 197.0 196.15041933527516 196.21415905487677 196.21415905487677 196.16619371391053 197.01577437863537 197.03154875727074 197.09528847687235 194.22993343351214 191.07951409823698 188.0 187.01577437863537 184.84958066472484 183.0 182.0 182.0 182.0 182.0 182.0 182.0 182.0 182.0 182.0 182.0 182.0 182.0 182.0 182.0 182.0 182.0 182.0 182.0 182.0 182.0 182.0 182.0 182.0 182.0
197.0 197.0 197.0 197.0 197.0 197.0 197.0 197.0 196.94141533837507 196.94141533837507 196.94141533837507 196.94141533837507 197.0 197.0 197.0 197.0 197.0 197.0 197.0 197.0 197.0 197.0 197.0 196.0 194.94141533837507 194.94141533837507 196.0 197.0 197.0 195.81785038805606 192.81785038805606 189.94141533837507 188.0 187.0 185.0 183.12356495031904 182.0 182.0 182.0 182.0 182.0 182.0 182.0 182.0 182.0 182.0 182.0 182.0 182.0 182.0 182.0 182.0 182.0 182.0 182.0 182.0 182.0 182.0 182.0 182.0
197.0 197.0 197.0 197.0 197.0 197.0 197.0 197.0 197.0 197.0 197.0 197.0 197.0 197.0 197.0 197.0 197.0 197.0 197.0 197.0 197.0 197.0 197.0 196.0 195.0 195.0 196.0 197.0 197.06692507436316 195.00959562150317 191.94267054713998 190.0 188.0 187.0 185.0 184.05732945286002 182.0 182.0 182.0 182.0 182.0 182.0 182.0 182.0 182.0 182.0 182.0 182.0 182.0 182.0 182.0 182.0 182.0 182.0 182.0 182.0 182.0 182.0 182.0 182.0
197.0 197.0 197.0 197.0 197.0 197.0 197.0 197.0 197.0 197.0 197.0 197.0 197.0 197.0 197.0 197.0 197.0 197.0 197.0 197.0 197.0 197.0 197.0 196.0 195.0 195.0 196.0 197.0 196.0968813400379 194.0968813400379 192.0 190.0 187.9617592298622 187.0 185.0 184.0 182.0 182.0 182.0 182.0 182.0 182.0 182.0 182.0 182.0 182.0 182.0 182.0 182.0 182.0 182.0 182.0 182.0 182.0 182.0 182.0 182.0 182.0 182.0 182.0
