build/elevation.asc
ncols 457
nrows 454
xllcorner 279.999755859375
yllcorner 42.999826368258944
cellsize 0.002197265625
nodata_value -2147483648
[rows 108 to 134 of 454, columns 120 to 179 of 457]
228.37020464059137 225.34320774794247 218.62345143090602 215.97567248533232 213.65044832355488 212.5830327212008 208.72448925167316 203.54072162036806 201.36357931482718 199.61209317050515 198.36090993684596 196.96431422493146 197.0 195.72181987369194 191.61476254848637 188.65044832355488 185.00266937798122 184.36090993684599 183.32522416177744 181.96431422493146 182.0 182.0 182.0 182.0 178.92595907188172 177.7104616132911 175.0626826677174 173.58937664970344 175.69910335289023 174.73745850593997 171.91460081148088 170.98864173959913 170.98864173959913 170.98864173959913 171.70177273087143 171.62773180275317 170.51800509956638 169.87891503641237 168.84322926134382 171.0626826677174 172.02432751466768 174.73745850593997 176.98864173959913 180.4235926045634 181.82018831647787 180.4235926045634 178.60073491010428 175.03568577506854 172.96164484695026 171.67477583822256 170.67477583822256 169.74881676634084 168.74881676634084 167.0 167.0 167.0 167.0 167.0 167.0 167.0
228.0 227.84263315590576 224.26208277295882 220.20228158288884 216.4925567743623 212.9567934377257 211.56566393167157 207.2454881451631 203.38954902201803 201.73962540356152 198.9567934377257 197.7529313708008 197.0 197.05980119006995 195.2454881451631 191.41944961705303 186.35964842698306 184.9567934377257 184.78283196583578 182.67982421349154 182.0 182.0 182.0 182.0 178.85378568538147 175.39112950605414 171.4775426306027 168.69471066476692 170.0148864512754 169.76781782207618 168.4775426306027 167.40443547329343 167.40443547329343 167.40443547329343 167.37453487825846 167.37453487825846 167.12746624905924 167.15736684409424 166.91029821489505 167.40443547329343 167.65150410249262 169.76781782207618 173.550649787912 177.65365754025623 178.85751960718113 177.58055038294697 177.36338234878278 174.32017578650849 172.32017578650849 170.2171680341642 169.29027519147348 168.29027519147348 167.2171680341642 167.0 167.0 167.0 167.0 167.0 167.0 167.0
228.0 228.0 227.08128894123914 223.14486113616832 218.16176363241127 214.09819143748206 212.05955537621807 209.153729994989 206.12879386132377 203.09417461877092 200.09417461877092 198.05553855750694 196.99598318128886 197.0 197.038636061264 194.07325530381686 189.19236605625298 186.14971317627786 185.0515217387958 184.09417461877092 182.05553855750694 182.0 182.0 182.0 181.077272122528 176.038636061264 169.95734712002488 166.95734712002488 166.922727877472 166.922727877472 166.961363938736 167.0 167.0 167.0 167.0 167.0 167.0 167.0 167.0 167.0 167.0 166.922727877472 170.80763394374702 173.77301470119417 175.74807856752895 174.87120613867623 174.81165076245816 172.846270005011 170.90582538122908 169.9484782612042 167.90180856251794 166.961363938736 167.0 167.0 167.0 167.0 167.0 167.0 167.0 167.0
228.0 228.05971184544367 226.58648501092696 223.11860494017765 219.65689038390542 215.0650586092111 213.0650586092111 211.5436322074952 207.95180043280084 204.47857359828413 201.47857359828413 199.47857359828413 197.4732268345167 197.0 197.0 194.4732268345167 191.48392036205155 189.01685904201193 186.95180043280084 185.53828544372783 183.53828544372783 182.0 182.0 182.0 181.0 176.0 170.41351498907304 167.35380314362936 166.94028815455633 166.94028815455633 166.94028815455633 167.0 167.0 167.0 167.0 167.0 167.0 167.0 167.0 167.0 167.0 167.0 168.4563677925048 171.04285280343174 172.4510210287374 173.04819956719916 172.04285280343174 170.51607963794845 169.58113824715954 167.98848772175546 166.9349413907889 167.0 167.0 167.0 167.0 167.0 167.0 167.0 167.0 167.0
228.0 227.09414903098596 225.13707824718222 222.03482187396148 219.04292921619628 215.0 213.0 212.91395831124882 209.92206565348363 205.91395831124882 202.86292175281778 200.86292175281778 197.95707078380372 197.0 197.0 194.9060342253727 193.76877272183182 190.8710290950526 188.92206565348363 186.00810734223478 184.00810734223478 182.0 182.0 182.0 181.0 175.94896344156894 171.81188519438672 169.7177361634008 167.854814410583 167.854814410583 167.854814410583 167.0 167.0 167.0 167.0 167.0 167.0 167.0 167.0 167.0 167.0 167.0 167.08604168875118 168.22311993593337 170.23122727816818 171.18000746337847 169.22311993593337 168.18019071973714 167.18019071973714 166.9837853155304 167.0 167.0 167.0 167.0 167.0 167.0 167.0 167.0 167.0 167.0
228.20017610277515 226.9769960400387 223.72977695188243 220.75278091184373 217.55260480906858 214.5996477944497 213.0 213.0 209.9769960400387 206.17717214281384 204.27022304811757 202.27022304811757 199.24721908815627 197.17717214281384 196.9769960400387 197.14009389068485 195.27022304811757 192.04704298538113 188.77681993726355 185.9769960400387 183.77681993726355 181.9769960400387 182.0 182.0 180.9769960400387 177.22421512819497 174.2942620735374 172.51744213627384 169.44739519093142 169.24721908815627 169.27022304811757 167.20017610277515 167.0 167.0 167.0 167.0 167.0 167.0 167.0 167.0 167.0 167.0 167.0 166.92995305465757 168.52960084910728 168.6827339665013 167.95295701461887 167.79982389722485 167.0 167.0 167.0 167.0 167.0 167.0 167.0 167.0 167.0 167.0 167.0 167.0
229.04288207073785 227.66205986526563 222.95711792926215 219.2215817380479 215.25217599325867 212.91423585852434 213.0 213.0 210.66205986526563 207.70494193600348 204.96940574478924 202.96940574478924 200.70494193600348 198.70494193600348 197.66205986526566 197.0 196.11635839668645 192.66205986526566 188.47222514263058 186.51510721336842 183.47222514263058 182.58858353931703 181.9265236740514 182.0 181.66205986526566 179.29352547532054 176.1465728234233 174.52739502889546 171.6008713548441 170.63146561005487 169.9694057447892 167.9694057447892 167.0 167.0 167.0 167.0 167.0 167.0 167.0 167.0 167.0 167.0 167.0 167.0 166.91423585852434 167.29505806399652 167.33794013473434 166.95711792926215 167.0 167.0 167.0 167.0 167.0 167.0 167.0 167.0 167.0 167.0 167.0 167.0
228.9918052636047 228.0 223.00783258282362 220.0073458700309 214.9918052636047 213.0 213.0 213.0 211.00807401853808 208.01614803707616 206.0155406064262 204.00722515217367 201.00795330068087 199.0162687549334 198.00807401853808 196.99987928214279 195.0086814491881 193.01614803707616 191.04771212135748 189.04759140350026 186.03951738496218 184.02385606067875 183.01566132428343 182.00807401853808 182.0 181.01578204214064 180.03915139002663 178.04722540856474 174.03132264856686 172.01566132428343 171.01566132428343 169.01566132428343 167.00807401853808 167.0 167.0 167.0 167.0 167.0 167.0 167.0 167.0 167.0 167.0 167.0 167.0 167.0 167.0 167.0 167.0 167.0 167.0 167.0 167.0 167.0 167.0 167.0 167.0 167.0 167.0 167.0
227.92798838921803 228.0479689941071 225.19930247059267 220.7515272398738 213.92798838921803 213.0 213.0 213.0 212.44777523071886 210.84758146733063 207.67963186833447 204.98338387748942 202.67963186833447 201.42384885328664 199.35183724250467 197.2798256317227 197.51978684150083 195.89555046143772 196.03957368300163 194.36736830883146 189.8716240840055 186.42384885328664 184.39980623661177 183.39980623661177 181.9520310058929 182.07201161078197 182.1440232215639 181.59179845228277 176.84758146733063 173.39980623661177 172.39980623661177 170.39980623661177 168.39980623661177 166.9520310058929 167.0 167.0 167.0 167.0 167.0 167.0 167.0 167.0 167.0 167.0 167.0 167.0 167.0 167.0 167.0 167.0 167.0 167.0 167.0 167.0 167.0 167.0 167.0 167.0 167.0 167.0
228.06639659100853 227.3007999420509 227.18770429351875 222.2357971806934 214.06639659100853 213.0 213.0 213.0 213.0183037038339 212.86860064763397 211.46619053655772 209.41809764938313 206.39979394554922 203.54949700174916 201.6158935927577 199.6158935927577 197.95190711282538 197.03660740766782 197.03660740766782 196.88690435146788 192.56780070558307 188.54949700174916 185.78390035279153 184.85029694380006 182.83199323996615 182.0 182.0 182.0183037038339 178.73580746561692 174.78390035279153 173.78390035279153 171.85029694380006 169.85029694380006 167.76559664895763 167.0 167.0 167.0 167.0 167.0 167.0 167.0 167.0 167.0 167.0 167.0 167.0 167.0 167.0 167.0 167.0 167.0 167.0 167.0 167.0 167.0 167.0 167.0 167.0 167.0 167.0
226.8203222141899 224.90719782943975 224.6523785355937 218.72752004362968 212.941864807506 213.0 213.0 213.0 213.0 213.0 213.058135192494 212.23781297830408 209.3358873571924 206.45742995050847 203.2777521646984 201.2777521646984 199.1679436785962 197.1098084861022 197.0 197.0 195.10453627777412 191.35935557162017 187.28948627191227 185.12154259331606 183.12154259331606 182.12154259331606 182.0 182.0 181.23781297830408 176.2777521646984 175.1679436785962 172.1098084861022 170.1098084861022 169.1796777858101 167.1098084861022 167.0 167.0 167.0 167.0 167.0 167.0 167.0 167.0 167.0 167.0 167.0 167.0 167.0 167.0 167.0 167.0 167.0 167.0 167.0 167.0 167.0 167.0 167.0 166.87845740668394 167.0117341072139
226.0128439636987 223.93868727213643 222.46090774390672 216.88328359671738 213.0 213.0 213.0 213.0 213.0 213.0 213.0 213.12365131453686 212.30861535693728 210.36401903235634 206.1721200787017 204.2403677178195 200.55193621979197 198.62018385890974 196.93175236088223 197.0 195.56478018349065 193.11080735083817 189.60733989521106 185.9871560363013 183.9871560363013 183.0554036754191 182.0 182.0 182.0554036754191 179.2403677178195 176.62018385890974 173.55193621979197 171.62018385890974 169.9871560363013 168.62018385890974 167.0 167.0 167.0 167.0 167.0 167.0 167.0 167.0 167.0 167.0 167.0 167.0 167.0 167.0 167.0 167.0 167.0 167.0 167.0 167.06824763911777 167.06824763911777 167.06824763911777 167.0 165.9445963245809 166.50346745562712
225.03796481248474 222.0621980243931 220.13016802922638 215.03411682552465 213.0 213.0 213.0 213.0 213.0 213.0 213.0 212.03796481248474 212.06989399831332 210.0979751971818 207.9939643733438 205.03192918582857 201.99204037986374 199.00192399348006 197.96203518751526 197.0 196.00192399348006 193.02808119886845 190.9639591809953 186.96203518751526 184.96203518751526 183.0 182.0 182.0 182.02808119886845 180.03192918582857 177.00192399348006 174.9639591809953 172.00192399348006 170.9901163863837 169.00192399348006 167.0 167.0 167.0 167.0 167.0 167.0 167.0 167.0 167.0 167.0 167.0 167.0 167.0 167.0 167.0 167.0 167.0 167.0 167.0 166.03796481248474 166.0660460113532 166.03796481248474 167.0 166.02808119886845 165.09220321674164
225.0 220.61067591280022 217.2909069414223 214.43886860192225 213.0 213.0 213.0 213.0 213.0 213.0 213.0 211.75421185887205 210.43444288749413 207.36046205724415 206.15387718845523 203.43444288749413 200.68023102862207 199.03477755791093 197.7194343009611 197.03477755791093 195.43886860192225 191.96079672766095 190.75421185887205 186.71943430096113 184.71943430096113 182.71943430096113 182.0 182.0 180.96079672766095 178.96079672766095 176.71943430096113 174.71943430096113 172.0 169.92601916975002 169.0 167.0 167.0 167.0 167.0 167.0 167.0 167.0 167.0 167.0 167.0 167.0 167.0 167.0 167.0 167.0 167.0 167.0 167.0 167.0 166.0 164.96079672766095 165.85854453260487 166.61275639147692 164.53877556122694 160.99241111996065
224.85326701944902 220.64179887744285 215.79145670359503 212.8648231938705 213.0 213.0 213.0 213.0 213.0 213.0 213.0733664902755 210.29639080670313 207.59278161340626 204.51941512313076 202.56187645547925 200.59278161340626 199.36975729697863 198.32729596463014 196.969094842073 196.32729596463014 194.01155617442151 191.32729596463014 189.29639080670313 185.969094842073 183.969094842073 181.969094842073 182.0 182.0 180.32729596463014 178.32729596463014 176.0424613323485 174.0424613323485 172.0733664902755 170.0 169.0 167.0 167.0 167.0 167.0 167.0 167.0 167.0 167.0 167.0 167.0 167.0 167.0 167.0 167.0 167.0 167.0 167.0 167.0 167.0 166.0 164.32729596463014 162.13154572004254 161.64803599757215 159.64803599757215 153.54545231757487
227.02527061194624 222.03988006449353 218.07278920109894 214.0908841175903 213.0 213.0 212.94899594690324 213.00348546394406 213.0 213.00348546394406 211.91260134635377 208.85811182931295 204.87969220974836 202.85811182931295 199.81823176481942 197.87272128186024 196.92721079890106 196.96360539945053 196.94551048295918 194.9091158824097 192.91260134635377 189.9091158824097 187.91260134635377 185.94899594690324 183.94551048295918 182.0 182.0 182.00348546394406 178.9091158824097 176.9091158824097 174.9670908633946 172.9091158824097 170.9091158824097 169.94551048295918 168.94899594690324 167.0 167.0 167.0 167.0 167.0 167.0 167.0 167.0 167.0 167.0 167.0 167.0 167.0 167.0 167.0 167.0 167.0 167.0 167.0 166.05448951704082 163.12358848662893 159.08022295819134 153.8186945940237 151.87666957500858 153.14952669534622
225.1823087575982 221.65344611577586 218.05869592879105 215.06588754516247 213.0 213.05869592879105 211.4701667130313 212.5947501869848 213.05869592879105 212.5947501869848 210.5875585706134 206.46297509665987 203.00622097122505 200.40427916786882 197.86822490967506 196.93411245483753 197.0 197.0 195.93411245483753 194.05150431241964 191.52886264182234 188.99280838362859 186.52886264182234 184.52886264182234 182.99280838362859 182.0 182.0 181.53605425819376 177.99280838362859 175.99280838362859 174.65344611577586 171.99280838362859 169.99280838362859 168.99280838362859 167.4701667130313 167.0 167.0 167.0 167.0 167.0 167.0 167.0 167.0 167.0 167.0 167.0 167.0 167.0 167.0 167.0 167.0 167.0 167.0 167.0 167.06588754516247 166.66160837729365 163.47210800332402 157.09213661023847 155.63538248480359 157.8773578163392
221.3914905964404 219.29935739126597 217.20722418609148 215.10608296433637 213.0 212.1011412217551 211.04403346558757 211.14517468734266 212.20722418609148 211.19821616951086 208.29935739126597 205.14517468734266 201.98198396683875 199.99099198341938 197.9469585178318 197.0 197.0 197.0 196.0 192.14924096134203 190.14517468734266 188.20722418609148 185.19821616951086 183.14517468734266 182.1011412217551 182.0 182.0 180.99099198341938 177.15418270392328 175.15418270392328 172.1402329447614 171.1011412217551 169.1011412217551 168.1011412217551 166.99099198341938 167.0 167.0 167.0 167.0 167.0 167.0 167.0 167.0 167.0 167.0 167.0 167.0 167.0 167.0 167.0 167.0 167.0 167.0 167.0 167.0 167.00900801658062 166.82474160623167 164.43325100979126 163.27006028928736 162.57348395455264
218.5447271305747 216.5230749543116 214.47977060178545 212.8617062044832 213.0 212.0 209.73988530089272 209.7615374771558 209.5230749543116 208.50142277804852 205.50142277804852 203.57056967580695 201.80903219865115 200.02165217626307 199.0907990740215 197.0 197.0 197.0 196.0 193.0907990740215 188.93085310224157 185.8617062044832 182.84005402822012 181.93085310224157 182.0 182.0 182.0 180.80903219865115 175.93085310224157 173.93085310224157 173.06914689775843 171.0 169.0 168.0 167.0 167.0 167.0 167.0 167.0 167.0 167.0 167.0 167.0 167.0 167.0 167.0 167.0 167.0 167.0 167.0 167.0 167.0 167.0 167.0 167.0 167.0 167.0 167.1382937955168 167.20744069327523 166.3984084946241
215.03203568774342 213.60965577751398 212.91114219056863 213.0 213.0 212.0 208.9555710952843 208.37795100551375 206.60965577751398 206.40664521755482 203.33352210079806 201.2603989840413 201.10181732879784 199.42237991022944 198.42237991022944 197.0 197.0 197.0 196.07312311675676 192.34925679347268 189.0 185.92687688324324 183.57762008977056 181.92687688324324 182.0 182.0 182.0 179.9555710952843 176.0 174.0 173.0 171.0 169.0 168.0 167.0 167.0 167.0 167.0 167.0 167.0 167.0 167.0 167.0 167.0 167.0 167.0 167.0 167.0 167.0 167.0 167.0 167.07312311675676 167.07312311675676 167.07312311675676 167.07312311675676 167.0 167.0 167.0 167.0 167.0444289047157
212.99723873547995 213.0 213.0 213.0 213.0 212.0 209.0 206.99439975911883 205.99432204727782 203.99166950966176 201.9944307741818 200.99719203870185 198.9916384945988 197.99439975911883 196.99723873547995 197.0 196.99717653117037 196.9943530623408 194.9915762902892 191.99717653117037 189.0000155075315 186.99992228815896 185.00276126452005 183.00276126452005 182.0 182.0 182.0000155075315 179.99432204727782 176.0 174.0 173.0 170.9971455161074 169.0 168.0 167.0 167.0 167.0 167.0 167.0 167.0 167.0 167.0 167.0 167.0 167.0 167.0 167.0 167.0 167.0 167.0 167.0 165.99723873547995 165.99439975911883 165.99441526665032 165.99441526665032 166.9943375548093 166.9943530623408 166.99719203870185 167.00004652259443 167.00004652259443
213.0 213.0 213.0 213.0 213.0 212.04623986510234 209.04623986510234 205.9736324909224 203.90102511674246 202.20198815362482 200.20198815362482 199.20198815362482 197.9736324909224 196.92739262582006 197.0 197.0 195.61093025482478 194.17562064454722 192.53832288064484 190.61093025482478 188.68353762900472 185.9736324909224 185.04623986510234 183.0 182.0 182.0 181.63729776390238 177.85478525164012 176.0 174.0 173.0 170.29009486191768 169.0 168.04623986510234 167.0 167.0 167.0 167.0 167.0 167.0 167.0 167.0 167.0 167.0 167.0 167.0 167.0 167.0 167.0 167.0 167.0 166.0 164.92739262582006 164.56469038972244 164.61093025482478 164.53832288064484 164.17562064454725 165.2944678838295 166.00437302191182 166.00437302191182
213.0 213.0 213.0 213.0 213.0 211.17960568250754 208.17960568250754 205.17960568250754 203.17960568250754 201.02790003501224 199.02790003501224 197.96001950650503 197.17960568250754 197.0 197.0 197.0678805285072 194.2274959642673 192.13962518901258 191.2953764927745 189.2274959642673 187.2274959642673 185.17960568250754 184.17960568250754 183.0678805285072 182.0 182.0 180.98000975325252 178.0678805285072 176.0 174.0 173.0 171.01999024674748 169.0 167.17960568250754 167.0 167.0 167.0 167.0 167.0 167.0 167.0 167.0 167.0 167.0 167.0 167.0 167.0 167.0 167.0 167.0 167.0 166.0 165.0 164.04789028175972 163.1596154357601 163.2274959642673 162.275386246027 162.45499192853458 162.4350016817871 162.5028822102943
213.0 213.0 213.0 213.0 213.0 210.98974363470364 208.0 204.88939299043113 202.89964935572752 199.83385602394074 197.83385602394074 197.88939299043113 197.0 196.89964935572752 196.89964935572752 195.85436875453348 192.83385602394074 191.89964935572752 188.77831905745037 187.84411238923713 185.95471939880596 185.01025636529636 184.01025636529636 181.9444630335096 182.0 182.0 180.88939299043113 176.9444630335096 176.01025636529636 174.0 173.0 171.0 169.0 167.0 167.0 167.0 167.0 167.0 167.0 167.0 167.0 167.0 167.0 167.0 167.0 167.0 167.0 167.0 167.0 167.0 167.0 166.0 165.0 162.9444630335096 162.89964935572752 161.84411238923713 159.89918243231557 159.79883178804312 159.68822477847425 158.52208080241502
213.0 213.0 213.0 213.0 213.0 211.54896526430065 208.0669878327031 203.94275695557292 201.39379169127227 199.009744788276 196.94275695557292 196.94275695557292 197.0 195.39379169127227 195.46077952397536 193.9118142596747 192.0767326209791 190.46077952397536 188.009744788276 186.46077952397536 185.45103473569935 184.45103473569935 183.45103473569935 182.0 182.0 182.0 180.0767326209791 177.0669878327031 175.51802256840244 174.0 173.0 171.0 169.0 167.0 167.0 167.0 167.0 167.0 167.0 167.0 167.0 167.0 167.0 167.0 167.0 167.0 167.0 167.0 167.0 167.0 167.0 165.9330121672969 165.0 163.0 161.39379169127227 160.39379169127227 159.51802256840244 157.9118142596747 156.8545712152476 154.79732817082052
213.0 213.0 213.0 213.0 213.0 212.03574576074703 207.0802675649095 204.03297555856062 201.0302053563742 198.0472920063489 197.0 197.0 197.0 195.0302053563742 194.07749736272308 192.07472716053664 190.0945840126978 189.07749736272308 187.0802675649095 185.04452180416249 185.0302053563742 184.0302053563742 183.0302053563742 182.0 182.0 182.0 178.1275595712584 176.0802675649095 174.07749736272308 174.03297555856062 173.03297555856062 171.0 169.0 167.0 167.0 167.0 167.0 167.0 167.0 167.0 167.0 167.0 167.0 167.0 167.0 167.0 167.0 167.0 167.0 167.0 167.0 166.9527079936511 165.0 163.0 160.96425423925297 159.9972297978136 158.04452180416249 156.04175160197605 155.04175160197605 153.04175160197605
213.0 213.0 213.0 213.0 213.0 210.95876497243916 205.95876497243918 202.66181822348233 199.95876497243918 198.0 197.0 197.0 197.0 193.92631729617105 192.95876497243918 190.95876497243918 189.7679486035794 187.95876497243918 185.95876497243918 184.7679486035794 183.69426589975046 182.66181822348233 181.92631729617102 182.0 182.0 181.7355009273113 176.66181822348233 174.66181822348233 172.95876497243916 172.69426589975046 171.69426589975046 170.76794860357944 169.03244767626813 167.0 167.0 167.0 167.0 167.0 167.0 167.0 167.0 167.0 167.0 167.0 167.0 167.0 167.0 167.0 167.0 167.0 167.0 167.0 165.52899814537741 163.46410279284117 162.2408387477133 160.19960372015245 157.96755232373187 155.96755232373187 155.0 153.0
