build/elevation.asc
ncols 457
nrows 454
xllcorner 279.999755859375
yllcorner 42.999826368258944
cellsize 0.002197265625
nodata_value -2147483648
[rows 378 to 404 of 454, columns 240 to 299 of 457]
104.56500736645906 103.52477024275767 104.49114804007561 103.79735154445824 103.52477024275767 102.55839244543972 102.62563685080386 101.62563685080386 100.55177752442043 99.62563685080386 99.31943334642125 99.58539972710248 100.38667775178536 100.38667775178536 99.39329267280468 98.59201464812179 98.89821815250441 98.89821815250441 98.89821815250441 98.89821815250441 98.62563685080386 98.62563685080386 98.62563685080386 98.69949617718729 97.89821815250441 97.59201464812179 97.66587397450523 97.66587397450523 96.66587397450523 93.79073662343892 92.79073662343892 92.55177752442043 93.3530555491033 94.65925905348591 93.27919622271988 92.27919622271986 92.31281842540193 92.04023712370137 91.04023712370137 90.27258130170055 90.27258130170055 90.0 90.0 90.0 90.06724440536412 81.72080377728014 75.0 75.34342938730876 77.59885436674602 87.36382174795219 90.0 90.0 90.0 90.0 90.0 90.0 89.92614067361657 90.0 89.96637779731793 90.27258130170055
109.89214059990499 108.02075001679628 109.89214059990499 109.20278353931766 108.09467479696106 106.37113377418194 105.07190128895323 104.07190128895323 103.14582606911799 102.21975084928278 101.98303269003489 101.57013460666843 101.5359506444766 101.5359506444766 101.98303269003489 102.01721665222671 102.3278595916394 102.3278595916394 102.3278595916394 102.3278595916394 101.29367562944756 101.29367562944756 101.29367562944756 101.29367562944756 101.40178437180418 101.0911414323915 101.0911414323915 101.0911414323915 100.0911414323915 98.05140061441853 97.12532539458331 95.29367562944756 95.33341644742053 96.6440593868332 95.33341644742053 94.33341644742053 93.68380020480618 92.64961624261436 91.64961624261436 91.03418396219182 91.03418396219182 89.92607521983521 90.0 90.14784956032958 89.07039141559521 79.74050833274426 74.92607521983521 81.11391494039935 88.23015011463193 89.71798416699801 90.0 90.0 90.0 90.0 90.0 90.0 90.0 90.0 90.72354102277913 91.03418396219182
119.29087281606726 119.34119397485537 119.23172862019473 118.26625620214165 118.29070885524847 116.3541006088444 112.36575535107778 111.39745122787576 109.40327859899244 107.34429836393872 106.28531812888498 105.25220639951253 105.25079054693806 105.28248642373603 106.28248642373603 106.31418230053401 106.31559815310848 106.37898990670443 106.31418230053401 106.31418230053401 105.2493746943636 105.2493746943636 105.2493746943636 105.2493746943636 104.22350618868231 104.1932261644588 104.1932261644588 104.19464201703327 103.13266611601179 102.16136632684201 100.13974537888414 99.132502155193 98.14116123145861 99.11088120723511 98.11088120723511 97.11088120723511 95.05331682475585 94.05473267733032 93.02162094795787 91.0302800242235 91.0 91.02445265310682 90.03311172937245 87.85742291596691 80.66893619168792 75.89494616388158 76.05614852990479 87.1928982428212 91.05473267733032 91.05473267733032 90.0302800242235 89.99858414742553 90.0 90.0 90.0 90.0 90.0 89.99858414742553 91.0 91.0
125.00584574369654 124.7024633941619 121.74718266828208 121.1065779250203 121.1065779250203 121.19497137983365 120.09822759131403 120.27248560471928 119.80215048205862 117.54680425411928 116.18740899738106 114.42058236230932 114.82801374064283 115.84619821084979 116.79417369645034 117.91640719545619 117.40492678832379 119.54534475753655 117.65628462345902 117.55223559466015 114.61115094618313 114.50710191738426 114.50710191738426 114.45507740298484 113.81048426691893 112.64499099037562 112.95713807677224 112.60173121283815 109.10590637969128 106.83158773029129 104.1207740024231 102.15461404661559 101.86941616728791 101.44380031874744 100.44380031874744 99.44380031874744 96.78102271247457 95.37359133414104 93.7628382422676 92.42561584854047 90.94797548560057 91.0 90.61075309187343 84.32991715344788 76.00436194090214 74.9297910153936 77.01818447020696 90.15860243941974 92.42561584854047 92.42561584854047 91.42561584854047 90.35540686393408 89.94797548560057 90.0 90.0 90.0 89.94797548560057 90.40743137833351 91.0 91.0
132.76219880679253 130.056680409139 125.95912209140799 122.17254491318188 122.23710415659605 122.95249510001527 123.95912209140799 122.33466247432708 121.57121182465211 120.66877014238311 122.39078807719507 123.03174723143445 123.98368752517872 125.89275619884043 127.60814714225965 127.56995998176967 128.17792006169216 129.9842423314497 131.14691469886588 132.6422558291185 134.23047081750957 136.04860816483296 135.85493043459047 136.69943986483804 137.62500807565817 130.6705704438428 125.99086932284243 124.45265657250721 119.52708836168708 116.45121766728761 110.60008124564736 106.91106238515228 105.30829039140289 103.57639991082522 102.51184066741106 101.44728142399691 99.5283402045695 97.57639991082522 95.74839001773611 93.73189048057768 91.77995018683339 91.0 90.82800989308912 84.63433216284666 77.73189048057768 75.0 77.6508317000051 90.71539094341924 93.79644972399183 93.86100896740598 92.79644972399183 91.79644972399183 90.77995018683339 89.93544075658585 90.0 89.93544075658585 90.84450943024754 91.01649953715844 91.0 91.0
141.00340585552476 137.9801156358036 134.92885810189074 132.11938263086603 131.29153119622296 134.17737101853666 132.94050321175132 130.01505096538534 128.21048975046344 126.01996522148816 127.91071929990466 130.0663084992982 132.0893615573871 133.19163946358054 137.7445999252558 141.49973002576692 144.22039911996083 149.5851259735803 157.61696364471416 162.46319104297555 160.70806094246444 160.0968749314863 163.14994906305412 163.91981211002653 163.7525778007724 153.86673797845873 141.95579133876893 134.63091407083402 130.4471203956165 125.22189769869175 121.3495195838936 117.26356388203126 110.89907419004408 106.1437069279007 106.75957003334938 106.85249375060175 103.70854966106879 100.78309741470282 98.52967024195408 96.28788817906593 93.24154490125588 91.09760081172291 91.0 88.42739233576063 80.12762188520185 75.08595570186233 81.61094884934587 93.21357758706418 95.15558919939355 94.1092459215835 94.16723430925413 93.16723430925413 92.16723430925413 91.16723430925413 90.1092459215835 90.92545224636598 90.98835489013942 91.0 91.0 91.0
148.96038402651897 147.1220569784944 142.58408736861549 140.09410084289627 141.82320801532666 142.22781765927357 140.1703969130994 137.4798351628142 137.1141277914578 134.6709727253657 134.99928629910946 138.9509463645045 142.19201773105283 148.93813490208905 159.49116379073666 169.20737410633757 174.2923087432506 177.33271949081893 180.03768657291144 180.22320251870872 172.6407090194851 168.75785808211583 170.83415415231897 169.03818857169995 167.6339357781983 160.2293261342514 154.64863820652172 149.29086002220194 143.04230171347632 136.30375687903143 131.95692483170396 125.25728226984958 118.81412720375747 110.76809483943492 118.24482765787941 116.53574743401055 111.17039691309941 108.68041038738016 105.04611775873657 100.79755945001094 97.18329376992888 92.55050961626313 90.79942477543406 89.50057581226628 79.11830068716334 77.29849211272249 87.28559525589301 95.01851847358368 97.08537688177233 95.47111120169028 95.53796960987893 94.47111120169028 93.47111120169028 92.47111120169028 91.47111120169028 90.35626970934193 91.48054886370475 90.93314159181135 91.0 91.0
160.99597410435982 159.13640039547596 153.22774476403998 150.29937288627923 151.39829888994754 150.48964325851153 148.45193378861586 148.23815635250656 146.2540817812792 143.2398793752605 143.95240602211373 151.7500010386609 162.45452866389013 175.4973345875721 185.74047769990872 191.29915420538526 185.81502478717977 181.98427327685312 182.02653572286505 180.9774538003129 175.6467571369644 175.4782708058551 175.59312223829608 175.47447998830293 170.6052568495166 164.58933142074395 160.6422041608482 156.61586714360897 152.42559677137663 147.30695452138352 139.47544085249282 131.46406839983638 124.44986599381764 124.15439361904684 133.35810423873386 131.28930606985693 119.52735272840724 116.4858524409594 114.319089132604 112.16652823026735 109.06760222659902 102.15136496005876 93.63917550186012 89.86336452643599 83.520533251867 84.55368974564647 90.90031183776762 97.85502073276764 98.87473697909243 97.81352044531981 96.87094616154029 96.81352044531981 95.81352044531981 94.81352044531981 93.81352044531981 92.81352044531981 92.90865563143598 91.90486481388383 91.0 91.0
176.8998910026799 172.93346940811935 166.2182310703763 160.75396724978472 159.77007521525215 157.2840254067506 156.3846694798729 157.42909530766931 156.9151451161709 157.2345477755098 165.28003619494874 173.5255414293237 182.0719162914231 189.7373506617892 195.63649784900082 192.65902009241717 184.4577319461726 182.0 182.0 182.07253495045939 181.59754130398088 181.59754130398088 181.59754130398088 181.59754130398088 178.34656678682938 171.45268014272818 166.11716951792187 163.45268014272818 161.54153179832105 156.4853135529952 149.42477975973134 141.8101854951106 136.72038884434528 135.17812079051788 137.6692224024638 135.72544064778967 125.36202963998645 123.9042976938139 124.79271505513861 123.65849257657688 121.55237922067809 113.68660169923982 100.22780716142472 92.88777224901433 89.77618961033903 88.65922883208323 91.41351485804219 99.48604980850156 101.58669388162387 100.55858475896093 99.53047563629801 99.29560908461396 98.3237182072769 97.3237182072769 96.58669388162387 95.3237182072769 94.27929237948047 93.27929237948047 91.2067574290211 90.97189087733707
185.18863441659198 183.522497203581 181.41202940014693 177.27627462773165 172.2111551857634 166.54171776233682 164.8577348349045 166.61565330319948 169.2111551857634 173.6321241732863 179.58761664554922 181.76629058473458 184.8433128193803 192.30720097367328 193.77990522686065 189.626304740024 182.920335054026 182.0 182.0 182.0 182.039832472987 182.039832472987 182.039832472987 182.039832472987 181.8433128193803 177.029304524644 171.52558389736407 168.95536898378137 168.39727037950868 164.76523623437333 160.776695044596 156.68650215027907 150.35092751384147 147.19732702700486 145.31418173463757 142.0940869614982 137.70743455848344 137.93497058618271 133.5832620847724 130.93338222521572 126.30377727477614 119.95365713433281 110.98361915806413 100.20785497534783 92.37369525997599 90.61577679168103 94.07795309652542 102.07795309652542 103.46790570995574 103.29975971911335 102.98374264654568 101.94391017355869 100.25992724612635 99.25992724612635 98.61577679168104 97.25992724612637 95.50200877783139 94.50200877783139 92.50200877783139 91.53611184570704
189.07208010492295 189.07084643579392 187.0718759121103 186.0916728986645 184.13168376965135 181.17169464063818 179.18252051382532 180.16189824376738 181.11044040890238 182.0489819843539 182.0097963968708 182.0 184.98917412681286 189.9699897186966 190.95916384550947 187.97958192275473 182.99979580718735 182.0 182.0 182.0 182.0 182.0 182.0 182.0 182.0 181.0402150637995 178.07022534510287 174.08187650179372 173.07208010492295 170.09352765848456 168.102294579039 168.11003202327706 166.17086935713448 164.19169582000504 162.1808699468179 156.19375477263773 152.1512765633929 150.09981872852788 142.0908476151608 138.08064283266472 136.11003202327706 131.15271442533455 125.19478424895412 113.18354999014167 94.0827188098036 93.11294179617272 100.20851138278384 108.16643304691122 108.12456741610431 106.08291449036317 106.06126274398889 105.02939770286542 103.04063196167787 102.02939770286542 101.04083615449053 100.05166202767766 99.07228429773559 98.08290597811009 96.08249759248477 94.07290538842663
194.33830771090135 193.63072772475783 192.65670261996792 191.19869600947072 190.63614028136783 189.0270473194547 188.09955944847502 188.0735845532649 184.90086343900427 182.0 182.0 182.0 183.9274878709797 188.24416081903632 188.21818592382624 186.65563019572335 183.3649321428768 181.9534627661898 182.0 182.0 182.0 182.0 182.0 182.0 182.0 182.0725121290203 180.87488854379416 179.33830771090135 178.29177047709115 177.80172687800854 174.63614028136783 172.4911160233272 172.63614028136783 171.29718303370115 168.31774537230126 165.58181899317236 158.72921474898823 152.416881933297 145.80778897138384 142.4911160233272 140.53765325713744 138.11839982606517 135.8870172912437 123.49783221416675 106.10472533150478 109.29973074537546 120.82443406509786 122.39132992556615 118.49046648656189 115.16838098189524 113.06989395766483 107.57141220673276 105.86752281618931 104.47833773911235 103.68873960855335 103.85432620519407 103.83376386659396 104.27120813849103 103.04760965805481 100.68267751517803
196.87387708109296 196.89555847579936 196.70439137277313 196.30037577201423 196.32205716672064 196.15257145840079 195.08340391435735 194.20540347334014 186.71386059829968 182.0 182.0 182.0 184.06916754404344 186.28613940170032 185.47730650472658 184.498987899433 184.1600164827933 182.8780004410172 182.0 182.0 182.0 182.0 182.0 182.0 182.0 182.0 182.0433627894128 181.87387708109296 181.68270997806673 181.70439137277313 180.25288962267717 178.11455453459027 178.11455453459027 176.83253849281417 172.07653761077978 168.47520734593638 162.56605628468623 154.501012100567 149.26235884820372 148.11455453459027 145.37488918165997 140.12886586256036 135.12271830150212 124.55990872362798 123.64736104025336 133.34228318749996 135.4975325255059 132.48944371625026 126.36057785368989 122.99377748128555 120.53078230452905 116.56273462021795 114.18986963969198 115.18040041416545 107.79452156900366 106.17685577505617 107.72535402496023 108.95453805179697 108.18906794423603 105.44405672570343
197.0 197.0 197.0 197.0 197.0 197.0 197.049657042271 197.10684830156103 189.02476813236757 182.0 182.0 182.0 182.957877174748 183.72145714303298 182.81107152924545 181.90068591545798 181.90068591545798 181.950342957729 182.0 182.0 182.0 182.0 182.0 182.0 182.0 182.0 182.0 182.0 182.0 182.0 182.049657042271 182.14897112681305 182.14897112681305 182.19862816908406 179.56678541226358 172.5819746238375 165.3530888091415 157.42010054429693 153.45468915252994 152.29052881414296 147.889948444041 135.27795772966334 126.35262445937371 123.74100778158775 135.061431908735 142.6262629304 141.526948845858 139.6662202743415 137.77523405721305 130.89510608903748 122.89306138526284 121.43962071849192 121.30776272949154 120.22351707898753 116.86268296211503 114.95983156534653 117.7557138830181 115.68882292539853 114.69635714241754 106.80341653469057
197.06275871992597 197.12551743985193 197.12551743985193 197.12551743985193 197.12551743985193 197.12551743985193 197.12551743985193 196.62291940494651 186.9953235299873 182.0 182.0 182.0 182.49740196509455 181.87552175974446 181.9377608798722 182.0 182.0 182.0 182.0 182.0 182.0 182.0 182.0 182.0 182.0 182.0 182.0 182.0 182.0 182.0 182.0 182.0 182.0 182.0 182.18671736038334 178.2536329505238 169.12915471026827 163.69918793511238 160.5788665650713 156.3236748151529 147.69763773958832 135.14995626908183 132.03846823926796 140.09393521062026 145.63954688580452 148.008313740429 147.07107246035497 146.13331158048277 143.008313740429 139.13227238088635 135.952301285838 129.52130391495623 123.63332022026775 121.56536543053087 123.63019394577911 122.37811119077935 121.24895648051111 120.93931107539629 119.68774792019474 102.1172123751224
196.13473473141093 195.1723395066734 195.1723395066734 195.1723395066734 195.1723395066734 195.22090448474762 195.26946946282183 194.26236430727982 185.12052442032692 182.0 182.0 182.0 181.992894844458 182.0 182.0 182.0 182.0 182.0 182.0 182.0 182.0 182.0 182.0 182.0 182.0 182.0 182.0 182.0 182.0 182.0 182.0 182.0 182.0 182.0 182.0 179.9280405577473 170.87947557967308 166.9007910462991 166.7912268287839 163.50754705487802 152.57565144986103 148.9070039507959 153.47022113929017 154.98398955103815 154.28989267840268 153.3923517403759 151.52708647178682 150.62421642793524 148.53804667459852 145.4033119431876 141.4998369603386 137.52500747423431 132.13384248036573 129.9848974378708 128.4823765409823 123.87947557967308 121.14569493422265 119.51939950873495 113.71127843231713 103.28309047069591
194.75738681591974 194.8269724972404 194.8269724972404 194.8269724972404 194.8269724972404 193.75738681591974 192.6878011345991 191.6878011345991 183.93041431867937 182.0 182.0 182.0 182.0 182.0 182.0 182.0 182.0 182.0 182.0 182.0 182.0 182.0 182.0 182.0 182.0 182.0 182.0 182.0 182.0 182.0 182.0 182.0 182.0 182.0 182.0 180.0 172.04729534914594 168.22032285190554 167.17302750275962 166.3344891975756 158.79630474040772 159.66172146364693 164.99461646957968 164.26837110898177 161.2799369169254 161.13191443113703 158.4306740875103 154.85628639065095 152.33720388237214 150.6243977308018 148.914306264028 143.33879807401496 140.65099693941585 139.52526478580216 134.12118990690593 125.34876969031575 118.04813663285849 112.48419425078907 109.88826912968533 114.85975398337777
193.38719327949002 193.38719327949002 193.38719327949002 193.38719327949002 193.38719327949002 192.38719327949002 191.38719327949002 190.38719327949002 184.0 182.0 182.0 182.0 182.0 182.0 182.0 182.0 182.0 182.0 182.0 182.0 182.0 182.0 182.0 182.0 182.0 182.0 182.0 182.0 182.0 182.0 182.0 182.0 182.0 182.0 182.0 180.0 172.4941693986061 170.2523796154481 168.61280672050998 166.97323382557187 166.64663037977925 166.1943321272416 166.73144404241387 167.18374229495151 166.50882365856563 166.10246097976585 165.8339050221797 161.87577616824817 154.52844376955616 152.86210470018992 153.25988781197003 151.1099691762878 149.86817939312976 147.8222438193919 141.63090474932199 129.70812163683823 122.98418579094628 123.08664677071214 121.35068758894805 123.72277589679774
192.01704896102092 192.01704896102092 192.01704896102092 192.01704896102092 192.01704896102092 191.01704896102092 190.00881266979655 189.01704896102092 184.00823629122434 182.0 182.0 182.0 182.0 182.0 182.0 182.0 182.0 182.0 182.0 182.0 182.0 182.0 182.0 182.0 182.0 182.0 182.0 182.0 182.0 182.0 182.0 182.0 182.0 182.0 182.0 180.0 174.96575922220802 171.98309389472922 169.98295103897908 167.9828081832289 166.99204942027598 167.00042856725048 167.00014285575017 167.0 167.0002857115003 167.00042856725048 167.00057142300062 165.97470979218312 161.90551395784837 160.8964155765515 160.9056568135985 157.90651890367107 155.92385357619227 153.94032615864097 149.91417881632321 139.85494345335783 138.80207239015002 139.8025009574005 134.80465866036758 131.84828848652833
190.6469538549718 190.6469538549718 190.6469538549718 190.6469538549718 190.6469538549718 189.6469538549718 189.7208374617229 187.60663517946844 182.88579771774553 182.0 182.0 182.0 182.0 182.0 182.0 182.0 182.0 182.0 182.0 182.0 182.0 182.0 182.0 182.0 182.0 182.0 182.0 182.0 182.0 182.0 182.0 182.0 182.0 182.0 182.0 180.0 177.46724842728267 173.712846034312 171.39336482053156 169.03356493124775 168.0738836067511 167.0 167.0 167.0 167.0 167.0 167.0 167.0738836067511 167.3694180337555 166.68889924753597 166.68889924753597 165.401745281848 162.56670553787063 158.29798229785834 155.052384690829 151.14140250315214 151.29592346090996 151.93612357162615 150.4772556056599 147.36181564025017
189.27690795578746 189.27690795578746 189.27690795578746 189.27690795578746 189.27690795578746 188.27690795578746 188.27690795578746 187.04466970658456 183.7677617507971 181.92760766175547 182.0 182.0 182.0 182.0 182.0 182.0 182.0 182.0 182.0 182.0 182.0 182.0 182.0 182.0 182.0 182.0 182.0 182.0 182.0 182.0 182.0 182.0 182.0 182.0 182.0 180.0 178.02772263165997 174.98305292507544 172.02772263165997 169.7677617507971 167.92760766175547 167.0 167.0 167.0 167.0 167.0 167.0 167.0 167.0 167.02772263165997 167.02772263165997 167.08316789497997 166.64641402823415 164.87730694238087 160.63240729598724 156.15232905771305 154.76159023260794 155.64641402823415 154.60174432164956 153.68491221662953
187.9656472380262 187.9656472380262 187.9656472380262 187.9656472380262 187.9656472380262 186.9656472380262 186.90691125792728 185.90691125792728 184.0 183.0382821880299 182.0 182.0 182.0 182.0 182.0 182.0 182.0 182.0 182.0 182.0 182.0 182.0 182.0 182.0 182.0 182.0 182.0 182.0 182.0 182.0 182.0 182.0 182.0 182.0 182.0 180.0 178.0 176.0382821880299 172.0 170.0 169.0382821880299 167.0 167.0 167.0 167.0 167.0 167.0 167.0 167.0 167.0 167.0 167.0 167.0 167.0382821880299 166.21186473221854 161.20793530616243 157.18617748414545 156.10568368202956 156.14396587005942 155.2027018501584
187.60371739335466 187.60371739335466 187.60371739335466 187.60371739335466 187.60371739335466 186.60371739335466 185.5369637558324 184.5369637558324 184.05756320285514 183.05756320285514 182.0 182.0 182.0 182.0 182.0 182.0 182.0 182.0 182.0 182.0 182.0 182.0 182.0 182.0 182.0 182.0 182.0 182.0 182.0 182.0 182.0 182.0 182.0 182.0 182.0 180.0 178.0 176.0 172.0 170.0 169.0 167.0 167.0 167.0 167.0 167.0 167.0 167.0 167.0 167.0 167.0 167.0 167.0 167.0 167.06675363752225 162.40547304131246 159.86850928548006 159.37991829783567 159.37991829783567 159.44667193535793
186.16706544395856 186.16706544395856 186.16706544395856 186.16706544395856 186.16706544395856 185.16706544395856 184.16706544395856 183.10911211422152 183.17868940491823 182.12073607518118 182.0 182.0 182.0 182.0 182.0 182.0 182.0 182.0 182.0 182.0 182.0 182.0 182.0 182.0 182.0 182.0 182.0 182.0 182.0 182.0 182.0 182.0 182.0 182.0 182.0 180.0 178.0 176.0 172.0 169.94204667026295 169.0 166.94204667026295 167.0 167.0 167.0 167.0 167.0 167.0 167.0 167.0 167.0 167.0 167.0 167.0 167.0 164.65424515112318 163.5451330369017 162.67749307304254 162.73544640277962 162.67749307304254
184.79721631676148 184.79721631676148 184.79721631676148 184.79721631676148 184.78082506211484 183.78082506211484 182.9519512787679 182.84526503799356 181.93556002412126 182.0 182.0 182.0 182.0 182.0 182.0 182.0 182.0 182.0 182.0 182.0 182.0 182.0 182.0 182.0 182.0 182.0 182.0 182.0 182.0 182.0 182.0 182.0 182.0 182.0 182.0 180.0 178.0 175.98360874535337 172.1383437073598 171.21917493788516 169.1383437073598 168.0480487212321 166.98360874535337 167.0 167.0 167.0 167.0 167.0 167.0 167.0 167.0 167.0 167.1383437073598 167.0 167.0 167.12887995175748 166.28361491376387 165.26722365911724 164.35751864524494 165.26722365911724
183.35735170986337 183.35735170986337 183.35735170986337 183.35735170986337 184.01776350941955 183.01776350941955 182.40965285927004 181.94769885059333 182.0 182.0 182.0 182.0 182.0 182.0 182.0 182.0 182.0 182.0 182.0 182.0 182.0 182.0 182.0 182.0 182.0 182.0 182.0 182.0 182.0 182.0 182.0 182.0 182.0 182.0 182.0 180.0 178.0 176.59034714072996 173.5725836313104 171.98223649058045 170.64264829013663 168.52028248190373 167.59034714072996 167.0 167.0 167.0 167.0 167.0 167.0 167.0 167.0 167.0 168.64264829013663 166.92993534117377 167.0 167.0 167.05230114940667 166.64264829013663 166.6949494395433 166.64264829013663
183.02403657256633 183.02403657256633 183.02403657256633 183.02403657256633 183.059232376281 182.03362902163593 181.99843321792127 182.0 182.0 182.0 182.0 182.0 182.0 182.0 182.0 182.0 182.0 182.0 182.0 182.0 182.0 182.0 182.0 182.0 182.0 182.0 182.0 182.0 182.0 182.0 182.0 182.0 182.0 182.0 182.0 180.0 178.0 177.00156678207873 174.9679377604428 172.96637097836407 171.00156678207873 169.9679377604428 168.00156678207873 167.0 167.0 167.0 167.0 167.0 167.0 167.0 167.0 167.0 169.00156678207873 167.96637097836407 166.97439664535494 167.0 167.0 167.00156678207873 167.00156678207873 167.00156678207873
